
50.000000 99.846153 
50.242416 100.000000 

77.344269 100.000000 
87.000000 69.000000 

50.000000 79.512497 
100.000000 75.137497 

57.294121 100.000000 
68.000000 85.999992 

50.000000 52.230770 
74.000000 75.000000 

50.000000 94.925934 
53.113636 100.000000 

87.581398 100.000000 
92.000000 81.000000 

56.000000 76.000000 
85.000000 50.000000 

90.548386 50.000000 
94.580643 100.000000 

71.870956 100.000000 
100.000000 71.409836 

69.500000 100.000000 
83.000000 50.000000 

50.000000 59.339622 
58.000000 61.000000 

95.000000 90.000000 
100.000000 52.142883 

